111111111111111111111111111111111111111111
101010000000000010000000000010001000000001
101010101011101010111111111010101011101011
100010101000001000000000001000100010001011
101010101111111111111111101110111110101011
101000100000100000001000100010000010100001
111111101110101011101010111010111010111111
101000100010001010001010001010100010100001
101010111011101010111011101010101010101111
100010100010000010001000100010000010000011
111110101110111111101010111110111111111011
100000100010000010001000000010100000000001
101111101011111010101111111010101111111111
100000001000001010100000000010000000000001
111111111111111111111111111111111111111111
